g: 9.8066352
r: 6371203.92
rho: 1.225570827014494
H: 7254.24
mu: 42828443155820.0
omega: 0.0