mass: 92079.2525560557
sref: 249.9091776
cl: [-0.2070, 1.6756]
cd: [0.0785, -0.3529, 2.0400]
