g: 3.71320
r: 3396190.0
rho: 0.020
H: 11100.0
mu: 42828443155820.0
omega: 0.004062 # deg / s